# À travers la brèche (s < 0 : dehors), sur l'axe de la brèche et à 3 m de part et d'autre
s  -16,0 | sol   44,00 grav  0,00 ... dég  1,0 | -3 : sol   44,13 grav  0,00 ... dég  2,0 | +3 : sol   44,00 grav  0,00 ... dég  1,0
s  -15,5 | sol   44,00 grav  0,00 ... dég  1,0 | -3 : sol   44,57 grav  0,00 ... dég  2,0 | +3 : sol   44,00 grav  0,00 P.. dég  0,0
s  -15,0 | sol   44,00 grav  0,00 P.. dég  0,0 | -3 : sol   44,80 grav  0,00 ... dég  1,0 | +3 : sol   44,07 grav  0,00 P.. dég  0,0
s  -14,5 | sol   46,92 grav  0,00 P.. dég  0,0 | -3 : sol   45,00 grav  0,00 ... dég  1,0 | +3 : sol   44,65 grav  0,00 P.. dég  0,0
s  -14,0 | sol   50,39 grav  0,00 P.. dég  0,0 | -3 : sol   45,20 grav  0,00 P.. dég  0,0 | +3 : sol   45,24 grav  0,00 P.. dég  0,0
s  -13,5 | sol   52,68 grav  0,00 P.. dég  0,0 | -3 : sol   45,89 grav  0,00 P.. dég  0,0 | +3 : sol   46,64 grav  0,00 P.. dég  0,0
s  -13,0 | sol   54,97 grav  0,00 P.. dég  0,0 | -3 : sol   49,15 grav  0,00 P.. dég  0,0 | +3 : sol   49,42 grav  0,00 P.. dég  0,0
s  -12,5 | sol   57,25 grav  0,00 P.. dég  0,0 | -3 : sol   52,41 grav  0,00 P.. dég  0,0 | +3 : sol   52,32 grav  0,00 P.. dég  0,0
s  -12,0 | sol   58,62 grav  0,00 P.. dég  0,0 | -3 : sol   55,67 grav  0,00 P.. dég  0,0 | +3 : sol   55,83 grav  0,00 P.. dég  0,0
s  -11,5 | sol   59,60 grav  0,00 P.. dég  0,0 | -3 : sol   58,93 grav  0,00 P.. dég  0,0 | +3 : sol   59,34 grav  0,00 P.. dég  0,0
s  -11,0 | sol   60,59 grav  0,00 P.. dég  0,0 | -3 : sol   62,00 grav  0,00 P.. dég  0,0 | +3 : sol   62,00 grav  0,00 P.. dég  0,0
s  -10,5 | sol   61,57 grav  0,00 P.. dég  0,0 | -3 : sol   62,00 grav  0,00 ... dég  1,0 | +3 : sol   62,00 grav  0,00 P.. dég  0,0
s  -10,0 | sol   62,00 grav  0,00 P.. dég  0,0 | -3 : sol   62,00 grav  0,00 ... dég  1,0 | +3 : sol   62,00 grav  0,00 ... dég  1,0
s   -9,5 | sol   62,00 grav  0,00 ... dég  1,0 | -3 : sol   62,00 grav  0,00 ... dég  2,0 | +3 : sol   62,00 grav  0,00 ... dég  1,0
s   -9,0 | sol   62,00 grav  0,00 ... dég  1,0 | -3 : sol   62,00 grav  0,00 ... dég  2,0 | +3 : sol   62,00 grav  0,00 ... dég  2,0
s   -8,5 | sol   62,00 grav  0,00 ... dég  1,3 | -3 : sol   62,00 grav  0,00 ... dég  3,0 | +3 : sol   62,00 grav  0,00 ... dég  2,0
s   -8,0 | sol   62,00 grav  0,00 ... dég  2,3 | -3 : sol   62,00 grav  0,00 ... dég  3,0 | +3 : sol   62,00 grav  0,00 ... dég  3,0
s   -7,5 | sol   62,00 grav  0,00 ... dég  2,7 | -3 : sol   62,00 grav  0,00 ... dég  4,0 | +3 : sol   62,00 grav  0,00 ... dég  3,0
s   -7,0 | sol   62,00 grav  0,00 ... dég  2,7 | -3 : sol   62,00 grav  0,00 ... dég  4,0 | +3 : sol   62,00 grav  0,00 ... dég  3,0
s   -6,5 | sol   62,00 grav  0,00 ... dég  3,7 | -3 : sol   62,00 grav  0,00 ... dég  4,0 | +3 : sol   62,00 grav  0,00 ... dég  4,0
s   -6,0 | sol   62,00 grav  0,00 ... dég  3,7 | -3 : sol   62,00 grav  0,00 ... dég  5,0 | +3 : sol   62,00 grav  0,00 ... dég  4,0
s   -5,5 | sol   62,00 grav  0,00 ... dég  4,0 | -3 : sol   62,00 grav  0,00 ... dég  5,0 | +3 : sol   62,00 grav  0,00 ... dég  4,7
s   -5,0 | sol   62,00 grav  0,00 ... dég  4,0 | -3 : sol   62,00 grav  0,00 ... dég  4,0 | +3 : sol   62,00 grav  0,00 ... dég  4,7
s   -4,5 | sol   62,00 grav  0,00 ... dég  3,3 | -3 : sol   62,00 grav  0,00 ... dég  4,0 | +3 : sol   62,00 grav  0,00 ... dég  3,7
s   -4,0 | sol   62,00 grav  0,00 ... dég  3,3 | -3 : sol   62,00 grav  0,00 ... dég  3,0 | +3 : sol   62,00 grav  0,00 ... dég  3,3
s   -3,5 | sol   62,00 grav  0,00 ... dég  2,7 | -3 : sol   62,00 grav  0,00 ... dég  3,0 | +3 : sol   62,00 grav  0,00 ... dég  2,3
s   -3,0 | sol   62,00 grav  0,00 ... dég  2,0 | -3 : sol   62,00 grav  0,00 ... dég  2,0 | +3 : sol   62,00 grav  0,00 ... dég  2,3
s   -2,5 | sol   62,00 grav  0,00 ... dég  2,0 | -3 : sol   62,00 grav  0,00 ... dég  2,0 | +3 : sol   62,00 grav  0,00 ... dég  1,3
s   -2,0 | sol   62,00 grav  0,00 ... dég  1,0 | -3 : sol   62,00 grav  0,00 ... dég  1,0 | +3 : sol   62,00 grav  0,00 ... dég  1,3
s   -1,5 | sol   62,00 grav  0,00 ... dég  1,0 | -3 : sol   62,00 grav  0,00 ... dég  1,0 | +3 : sol   62,00 grav  0,00 ... dég  1,0
s   -1,0 | sol   62,00 grav  0,00 ..M dég  0,0 | -3 : sol   62,00 grav  0,00 ... dég  1,0 | +3 : sol   62,00 grav  0,00 ..M dég  0,0
s   -0,5 | sol   62,00 grav  0,00 ..M dég  0,0 | -3 : sol   62,00 grav  0,00 ..M dég  0,0 | +3 : sol   62,00 grav  0,00 ..M dég  0,0
s    0,0 | sol   62,00 grav  0,00 ..M dég  0,0 | -3 : sol   62,00 grav  0,00 ..M dég  0,0 | +3 : sol   62,00 grav  0,00 ..M dég  0,0
s    0,5 | sol   62,00 grav  0,00 ..M dég  0,0 | -3 : sol   62,00 grav  0,00 ..M dég  0,0 | +3 : sol   62,00 grav  0,00 ..M dég  0,0
s    1,0 | sol   62,00 grav  0,00 ... dég  1,0 | -3 : sol   62,00 grav  0,00 ..M dég  0,0 | +3 : sol   62,00 grav  0,00 ... dég  1,0
s    1,5 | sol   62,00 grav  0,00 ... dég  1,0 | -3 : sol   62,00 grav  0,00 ... dég  1,0 | +3 : sol   62,00 grav  0,00 ... dég  1,0
s    2,0 | sol   62,00 grav  0,00 ... dég  1,0 | -3 : sol   62,00 grav  0,00 ... dég  1,0 | +3 : sol   62,00 grav  0,00 ... dég  1,3
s    2,5 | sol   62,00 grav  0,00 ... dég  2,0 | -3 : sol   62,00 grav  0,00 ... dég  2,0 | +3 : sol   62,00 grav  0,00 ... dég  1,3
s    3,0 | sol   62,00 grav  0,00 ... dég  2,0 | -3 : sol   62,00 grav  0,00 ... dég  2,0 | +3 : sol   62,00 grav  0,00 ... dég  2,3
s    3,5 | sol   62,00 grav  0,00 ... dég  2,7 | -3 : sol   62,00 grav  0,00 ... dég  3,0 | +3 : sol   62,00 grav  0,00 ... dég  2,7
s    4,0 | sol   62,00 grav  0,00 ... dég  3,3 | -3 : sol   62,00 grav  0,00 ... dég  3,0 | +3 : sol   62,00 grav  0,00 ... dég  3,7
s    4,5 | sol   62,00 grav  0,00 ... dég  4,0 | -3 : sol   62,00 grav  0,00 ... dég  4,3 | +3 : sol   62,00 grav  0,00 ... dég  3,7
s    5,0 | sol   62,00 grav  0,00 ... dég  4,0 | -3 : sol   62,00 grav  0,00 ... dég  4,3 | +3 : sol   62,00 grav  0,00 ... dég  3,7
s    5,5 | sol   62,00 grav  0,00 ... dég  5,0 | -3 : sol   62,00 grav  0,00 ... dég  4,3 | +3 : sol   62,00 grav  0,00 ... dég  4,7
s    6,0 | sol   62,00 grav  0,00 ... dég  5,0 | -3 : sol   62,00 grav  0,00 ... dég  5,3 | +3 : sol   62,00 grav  0,00 ... dég  5,0
s    6,5 | sol   62,00 grav  0,00 ... dég  6,3 | -3 : sol   62,00 grav  0,00 ... dég  5,3 | +3 : sol   62,00 grav  0,00 ... dég  6,0
s    7,0 | sol   62,00 grav  0,00 ... dég  6,3 | -3 : sol   62,00 grav  0,00 ... dég  6,7 | +3 : sol   62,00 grav  0,00 ... dég  6,0
s    7,5 | sol   62,00 grav  0,00 ... dég  6,3 | -3 : sol   62,00 grav  0,00 ... dég  6,7 | +3 : sol   62,00 grav  0,00 ... dég  6,7
s    8,0 | sol   62,00 grav  0,00 ... dég  7,3 | -3 : sol   62,00 grav  0,00 ... dég  7,7 | +3 : sol   62,00 grav  0,00 ... dég  6,7
s    8,5 | sol   62,00 grav  0,00 ... dég  7,3 | -3 : sol   62,00 grav  0,00 ... dég  7,7 | +3 : sol   62,00 grav  0,00 ... dég  8,0
s    9,0 | sol   62,00 grav  0,00 ... dég  8,7 | -3 : sol   62,00 grav  0,00 ... dég  8,7 | +3 : sol   62,00 grav  0,00 ... dég  8,0
s    9,5 | sol   62,00 grav  0,00 ... dég  8,7 | -3 : sol   62,00 grav  0,00 ... dég  9,0 | +3 : sol   62,00 grav  0,00 ... dég  9,0
s   10,0 | sol   62,00 grav  0,00 ... dég  9,3 | -3 : sol   62,00 grav  0,00 ... dég 10,0 | +3 : sol   62,00 grav  0,00 ... dég  9,0
s   10,5 | sol   62,00 grav  0,00 ... dég  9,3 | -3 : sol   62,00 grav  0,00 ... dég 10,0 | +3 : sol   62,00 grav  0,00 ... dég  9,0
s   11,0 | sol   62,00 grav  0,00 ... dég 10,3 | -3 : sol   62,00 grav  0,00 ... dég 10,0 | +3 : sol   62,00 grav  0,00 ... dég 10,3
s   11,5 | sol   62,00 grav  0,00 ... dég 10,7 | -3 : sol   62,00 grav  0,00 ... dég 10,7 | +3 : sol   62,00 grav  0,00 ... dég 10,3
s   12,0 | sol   62,00 grav  0,00 ... dég 10,3 | -3 : sol   62,00 grav  0,00 ... dég 11,3 | +3 : sol   62,00 grav  0,00 ... dég 10,0
s   12,5 | sol   62,00 grav  0,00 ... dég 10,3 | -3 : sol   62,00 grav  0,00 ... dég 11,0 | +3 : sol   62,00 grav  0,00 ... dég 10,0
s   13,0 | sol   62,00 grav  0,00 ... dég  9,3 | -3 : sol   62,00 grav  0,00 ... dég 11,0 | +3 : sol   62,00 grav  0,00 ... dég  9,0
s   13,5 | sol   62,00 grav  0,00 ... dég  9,3 | -3 : sol   62,00 grav  0,00 ... dég 10,0 | +3 : sol   62,00 grav  0,00 ... dég  9,0
s   14,0 | sol   62,00 grav  0,00 ... dég  9,0 | -3 : sol   62,00 grav  0,00 ... dég 10,0 | +3 : sol   62,00 grav  0,00 ... dég  8,0
s   14,5 | sol   62,00 grav  0,00 ... dég  8,0 | -3 : sol   62,00 grav  0,00 ... dég  9,0 | +3 : sol   62,00 grav  0,00 ... dég  8,0
s   15,0 | sol   62,00 grav  0,00 ... dég  8,0 | -3 : sol   62,00 grav  0,00 ... dég  9,0 | +3 : sol   62,00 grav  0,00 ... dég  7,0
s   15,5 | sol   62,00 grav  0,00 ... dég  7,0 | -3 : sol   62,00 grav  0,00 ... dég  8,0 | +3 : sol   62,00 grav  0,00 ... dég  7,0
s   16,0 | sol   62,00 grav  0,00 ... dég  7,0 | -3 : sol   62,00 grav  0,00 ... dég  8,0 | +3 : sol   62,00 grav  0,00 ... dég  6,7
# Le long du mur (x le long du pan du milieu) : sur sa ligne, à 2,5 m dehors et à 2,5 m dedans
x  -18,0 | sol   62,00 grav  0,00 ... dég  2,0 | dehors : sol   62,00 grav  0,00 ... dég  4,0 | dedans : sol   62,00 grav  0,00 ... dég  1,0
x  -17,5 | sol   62,00 grav  0,00 ... dég  1,0 | dehors : sol   62,00 grav  0,00 ... dég  4,0 | dedans : sol   62,00 grav  0,00 ... dég  1,0
x  -17,0 | sol   62,00 grav  0,00 ... dég  1,0 | dehors : sol   62,00 grav  0,00 ... dég  4,0 | dedans : sol   62,00 grav  0,00 ... dég  1,0
x  -16,5 | sol   62,00 grav  0,00 ... dég  1,0 | dehors : sol   62,00 grav  0,00 ... dég  3,0 | dedans : sol   62,00 grav  0,00 ... dég  1,0
x  -16,0 | sol   62,00 grav  0,00 ... dég  1,0 | dehors : sol   62,00 grav  0,00 ... dég  3,0 | dedans : sol   62,00 grav  0,00 ... dég  1,0
x  -15,5 | sol   62,00 grav  0,00 ... dég  1,0 | dehors : sol   62,00 grav  0,00 ... dég  3,0 | dedans : sol   62,00 grav  0,00 ... dég  1,0
x  -15,0 | sol   62,00 grav  0,00 ..M dég  0,0 | dehors : sol   62,00 grav  0,00 ... dég  3,0 | dedans : sol   62,00 grav  0,00 ... dég  1,0
x  -14,5 | sol   62,00 grav  0,00 ..M dég  0,0 | dehors : sol   62,00 grav  0,00 ... dég  3,0 | dedans : sol   62,00 grav  0,00 ... dég  1,0
x  -14,0 | sol   62,00 grav  0,00 ..M dég  0,0 | dehors : sol   62,00 grav  0,00 ... dég  2,0 | dedans : sol   62,00 grav  0,00 ... dég  1,0
x  -13,5 | sol   62,00 grav  0,00 ..M dég  0,0 | dehors : sol   62,00 grav  0,00 ... dég  2,3 | dedans : sol   62,00 grav  0,00 ... dég  1,0
x  -13,0 | sol   62,00 grav  0,00 ..M dég  0,0 | dehors : sol   62,00 grav  0,00 ... dég  2,3 | dedans : sol   62,00 grav  0,00 ... dég  1,3
x  -12,5 | sol   62,00 grav  0,00 ..M dég  0,0 | dehors : sol   62,00 grav  0,00 ... dég  2,7 | dedans : sol   62,00 grav  0,00 ... dég  1,0
x  -12,0 | sol   62,00 grav  0,00 ..M dég  0,0 | dehors : sol   62,00 grav  0,00 ... dég  2,7 | dedans : sol   62,00 grav  0,00 ... dég  1,0
x  -11,5 | sol   62,00 grav  0,00 ..M dég  0,0 | dehors : sol   62,00 grav  0,00 ... dég  2,0 | dedans : sol   62,00 grav  0,00 ... dég  1,0
x  -11,0 | sol   62,00 grav  0,00 ..M dég  0,0 | dehors : sol   62,00 grav  0,00 ... dég  2,0 | dedans : sol   62,00 grav  0,00 ... dég  1,0
x  -10,5 | sol   62,00 grav  0,00 ..M dég  0,0 | dehors : sol   62,00 grav  0,00 ... dég  2,0 | dedans : sol   62,00 grav  0,00 ... dég  2,0
x  -10,0 | sol   62,00 grav  0,00 ..M dég  0,0 | dehors : sol   62,00 grav  0,00 ... dég  2,3 | dedans : sol   62,00 grav  0,00 ... dég  1,3
x   -9,5 | sol   62,00 grav  0,00 ..M dég  0,0 | dehors : sol   62,00 grav  0,00 ... dég  2,3 | dedans : sol   62,00 grav  0,00 ... dég  1,3
x   -9,0 | sol   62,00 grav  0,00 ..M dég  0,0 | dehors : sol   62,00 grav  0,00 ... dég  2,0 | dedans : sol   62,00 grav  0,00 ... dég  1,0
x   -8,5 | sol   62,00 grav  0,00 ..M dég  0,0 | dehors : sol   62,00 grav  0,00 ... dég  2,0 | dedans : sol   62,00 grav  0,00 ... dég  1,0
x   -8,0 | sol   62,00 grav  0,00 ..M dég  0,0 | dehors : sol   62,00 grav  0,00 ... dég  2,0 | dedans : sol   62,00 grav  0,00 ... dég  2,0
x   -7,5 | sol   62,00 grav  0,00 ..M dég  0,0 | dehors : sol   62,00 grav  0,00 ... dég  2,0 | dedans : sol   62,00 grav  0,00 ... dég  2,0
x   -7,0 | sol   62,00 grav  0,00 ..M dég  0,0 | dehors : sol   62,00 grav  0,00 ... dég  2,3 | dedans : sol   62,00 grav  0,00 ... dég  1,3
x   -6,5 | sol   62,00 grav  0,00 ..M dég  0,0 | dehors : sol   62,00 grav  0,00 ... dég  1,3 | dedans : sol   62,00 grav  0,00 ... dég  1,3
x   -6,0 | sol   62,00 grav  0,00 ..M dég  0,0 | dehors : sol   62,00 grav  0,00 ... dég  2,0 | dedans : sol   62,00 grav  0,00 ... dég  1,0
x   -5,5 | sol   62,00 grav  0,00 ..M dég  0,0 | dehors : sol   62,00 grav  0,00 ... dég  2,0 | dedans : sol   62,00 grav  0,00 ... dég  2,0
x   -5,0 | sol   62,00 grav  0,00 ..M dég  0,0 | dehors : sol   62,00 grav  0,00 ... dég  2,3 | dedans : sol   62,00 grav  0,00 ... dég  2,0
x   -4,5 | sol   62,00 grav  0,00 ..M dég  0,0 | dehors : sol   62,00 grav  0,00 ... dég  1,3 | dedans : sol   62,00 grav  0,00 ... dég  1,3
x   -4,0 | sol   62,00 grav  0,00 ..M dég  0,0 | dehors : sol   62,00 grav  0,00 ... dég  1,3 | dedans : sol   62,00 grav  0,00 ... dég  1,3
x   -3,5 | sol   62,00 grav  0,00 ..M dég  0,0 | dehors : sol   62,00 grav  0,00 ... dég  2,0 | dedans : sol   62,00 grav  0,00 ... dég  1,0
x   -3,0 | sol   62,00 grav  0,00 ..M dég  0,0 | dehors : sol   62,00 grav  0,00 ... dég  2,0 | dedans : sol   62,00 grav  0,00 ... dég  2,0
x   -2,5 | sol   62,00 grav  0,00 ..M dég  0,0 | dehors : sol   62,00 grav  0,00 ... dég  2,0 | dedans : sol   62,00 grav  0,00 ... dég  2,0
x   -2,0 | sol   62,00 grav  0,00 ..M dég  0,0 | dehors : sol   62,00 grav  0,00 ... dég  1,0 | dedans : sol   62,00 grav  0,00 ... dég  2,0
x   -1,5 | sol   62,00 grav  0,00 ..M dég  0,0 | dehors : sol   62,00 grav  0,00 ... dég  1,3 | dedans : sol   62,00 grav  0,00 ... dég  1,3
x   -1,0 | sol   62,00 grav  0,00 ..M dég  0,0 | dehors : sol   62,00 grav  0,00 ... dég  1,3 | dedans : sol   62,00 grav  0,00 ... dég  2,3
x   -0,5 | sol   62,00 grav  0,00 ..M dég  0,0 | dehors : sol   62,00 grav  0,00 ... dég  2,0 | dedans : sol   62,00 grav  0,00 ... dég  2,0
x    0,0 | sol   62,00 grav  0,00 ..M dég  0,0 | dehors : sol   62,00 grav  0,00 ... dég  2,0 | dedans : sol   62,00 grav  0,00 ... dég  2,0
x    0,5 | sol   62,00 grav  0,00 ..M dég  0,0 | dehors : sol   62,00 grav  0,00 ... dég  1,3 | dedans : sol   62,00 grav  0,00 ... dég  1,3
x    1,0 | sol   62,00 grav  0,00 ..M dég  0,0 | dehors : sol   62,00 grav  0,00 ... dég  1,3 | dedans : sol   62,00 grav  0,00 ... dég  1,3
x    1,5 | sol   62,00 grav  0,00 ..M dég  0,0 | dehors : sol   62,00 grav  0,00 ... dég  1,3 | dedans : sol   62,00 grav  0,00 ... dég  2,3
x    2,0 | sol   62,00 grav  0,00 ..M dég  0,0 | dehors : sol   62,00 grav  0,00 ... dég  2,0 | dedans : sol   62,00 grav  0,00 ... dég  2,0
x    2,5 | sol   62,00 grav  0,00 ..M dég  0,0 | dehors : sol   62,00 grav  0,00 ... dég  2,0 | dedans : sol   62,00 grav  0,00 ... dég  2,0
x    3,0 | sol   62,00 grav  0,00 ..M dég  0,0 | dehors : sol   62,00 grav  0,00 ... dég  1,3 | dedans : sol   62,00 grav  0,00 ... dég  1,3
x    3,5 | sol   62,00 grav  0,00 ..M dég  0,0 | dehors : sol   62,00 grav  0,00 ... dég  1,3 | dedans : sol   62,00 grav  0,00 ... dég  1,3
x    4,0 | sol   62,00 grav  0,00 ..M dég  0,0 | dehors : sol   62,00 grav  0,00 ... dég  2,0 | dedans : sol   62,00 grav  0,00 ... dég  2,0
x    4,5 | sol   62,00 grav  0,00 ..M dég  0,0 | dehors : sol   62,00 grav  0,00 ... dég  2,0 | dedans : sol   62,00 grav  0,00 ... dég  2,0
x    5,0 | sol   62,00 grav  0,00 ..M dég  0,0 | dehors : sol   62,00 grav  0,00 ... dég  2,3 | dedans : sol   62,00 grav  0,00 ... dég  1,3
x    5,5 | sol   62,00 grav  0,00 ..M dég  0,0 | dehors : sol   62,00 grav  0,00 ... dég  1,3 | dedans : sol   62,00 grav  0,00 ... dég  1,3
x    6,0 | sol   62,00 grav  0,00 ..M dég  0,0 | dehors : sol   62,00 grav  0,00 ... dég  2,0 | dedans : sol   62,00 grav  0,00 ... dég  1,0
x    6,5 | sol   62,00 grav  0,00 ..M dég  0,0 | dehors : sol   62,00 grav  0,00 ... dég  2,0 | dedans : sol   62,00 grav  0,00 ... dég  2,0
x    7,0 | sol   62,00 grav  0,00 ..M dég  0,0 | dehors : sol   62,00 grav  0,00 ... dég  2,0 | dedans : sol   62,00 grav  0,00 ... dég  2,0
x    7,5 | sol   62,00 grav  0,00 ..M dég  0,0 | dehors : sol   62,00 grav  0,00 ... dég  2,3 | dedans : sol   62,00 grav  0,00 ... dég  1,3
x    8,0 | sol   62,00 grav  0,00 ..M dég  0,0 | dehors : sol   62,00 grav  0,00 ... dég  1,3 | dedans : sol   62,00 grav  0,00 ... dég  1,3
x    8,5 | sol   62,00 grav  0,00 ..M dég  0,0 | dehors : sol   62,00 grav  0,00 ... dég  2,0 | dedans : sol   62,00 grav  0,00 ... dég  1,0
x    9,0 | sol   62,00 grav  0,00 ..M dég  0,0 | dehors : sol   62,00 grav  0,00 ... dég  2,0 | dedans : sol   62,00 grav  0,00 ... dég  2,0
x    9,5 | sol   62,00 grav  0,00 ..M dég  0,0 | dehors : sol   62,00 grav  0,00 ... dég  2,3 | dedans : sol   62,00 grav  0,00 ... dég  1,3
x   10,0 | sol   62,00 grav  0,00 ..M dég  0,0 | dehors : sol   62,00 grav  0,00 ... dég  2,3 | dedans : sol   62,00 grav  0,00 ... dég  1,3
x   10,5 | sol   62,00 grav  0,00 ..M dég  0,0 | dehors : sol   62,00 grav  0,00 ... dég  2,3 | dedans : sol   62,00 grav  0,00 ... dég  1,0
x   11,0 | sol   62,00 grav  0,00 ..M dég  0,0 | dehors : sol   62,00 grav  0,00 ... dég  2,3 | dedans : sol   62,00 grav  0,00 ... dég  1,0
x   11,5 | sol   62,00 grav  0,00 ... dég  1,0 | dehors : sol   62,00 grav  0,00 ... dég  2,7 | dedans : sol   62,00 grav  0,00 ... dég  1,0
x   12,0 | sol   62,00 grav  0,00 ..M dég  0,0 | dehors : sol   62,00 grav  0,00 ... dég  2,7 | dedans : sol   62,00 grav  0,00 ... dég  1,0
x   12,5 | sol   62,00 grav  0,00 ..M dég  0,0 | dehors : sol   62,00 grav  0,00 ... dég  3,3 | dedans : sol   62,00 grav  0,00 ... dég  1,0
x   13,0 | sol   62,00 grav  0,00 ..M dég  0,0 | dehors : sol   62,00 grav  0,00 ... dég  2,3 | dedans : sol   62,00 grav  0,00 ... dég  1,0
x   13,5 | sol   62,00 grav  0,00 ..M dég  0,0 | dehors : sol   62,00 grav  0,00 ... dég  2,3 | dedans : sol   62,00 grav  0,00 ... dég  1,0
x   14,0 | sol   62,00 grav  0,00 ... dég  1,0 | dehors : sol   62,00 grav  0,00 ... dég  2,7 | dedans : sol   62,00 grav  0,00 ... dég  1,0
x   14,5 | sol   62,00 grav  0,00 ..M dég  0,0 | dehors : sol   62,00 grav  0,00 ... dég  2,7 | dedans : sol   62,00 grav  0,00 ... dég  1,0
x   15,0 | sol   62,00 grav  0,00 ..M dég  0,0 | dehors : sol   62,00 grav  0,00 ... dég  3,3 | dedans : sol   62,00 grav  0,00 ... dég  1,0
x   15,5 | sol   62,00 grav  0,00 ..M dég  0,0 | dehors : sol   62,00 grav  0,00 ... dég  2,3 | dedans : sol   62,00 grav  0,00 ... dég  1,0
x   16,0 | sol   62,00 grav  0,00 ... dég  1,0 | dehors : sol   62,00 grav  0,00 ... dég  2,7 | dedans : sol   62,00 grav  0,00 .E. dég  0,0
x   16,5 | sol   62,00 grav  0,00 ... dég  1,0 | dehors : sol   62,00 grav  0,00 ... dég  2,7 | dedans : sol   62,00 grav  0,00 ... dég  1,0
x   17,0 | sol   62,00 grav  0,00 ... dég  1,0 | dehors : sol   62,00 grav  0,00 ... dég  3,7 | dedans : sol   62,00 grav  0,00 ... dég  1,0
x   17,5 | sol   62,00 grav  0,00 ... dég  1,0 | dehors : sol   62,00 grav  0,00 ... dég  3,7 | dedans : sol   62,00 grav  0,00 ... dég  1,0
x   18,0 | sol   62,00 grav  0,00 ... dég  1,3 | dehors : sol   62,00 grav  0,00 ... dég  3,7 | dedans : sol   62,00 grav  0,00 ... dég  1,0
# La lice, de la brèche (angle -114,0°) à la porte (-90,0°) ; coupe de r = 95 à 115 m, un signe par 0,5 m
-117,0° ...MMMM...+++++++++++....PPPPPPPPPP....++ dég max 4,7 à r 102,3
-116,4° ..MMMM...+++++++++++++....PPPPPPPPP...+++ dég max 5,0 à r 102,8
-115,8° ...MMMM...+++++++++++++..PPPPPPPPPP....++ dég max 4,7 à r 102,3
-115,2° ..MMMMM..+++++++++++++..PPPPPPPPPPP.....+ dég max 4,0 à r 101,8
-114,6° ..MMMMM...+++++++++++..PPPPPPPPPPPPPP..++ dég max 4,7 à r 102,8
-114,1° ...MMMM..++++++++++++....PPPPPPPPPPP..+++ dég max 4,0 à r 102,3
-113,5° ..MMMM.....++++++++++.....PPPPPPPPP..++++ dég max 4,7 à r 102,8
-112,9° ...MMMM...+++++++++++++++..PPPPPPP..+++++ dég max 4,3 à r 102,3
-112,3° ..MMMMM..+++++++++++++++..PPPPPPP....++++ dég max 5,0 à r 102,8
-111,7° ..MMMM....+++++++++++++..PPPPPPPPPPP..+++ dég max 5,0 à r 102,8
-111,1° ...MMMM..+++++++++++++..PPPPPPPPPPP..++++ dég max 4,7 à r 102,8
-110,5° ..MMMM....+++++++++++..PPPPPPPPPPP..+++++ dég max 4,3 à r 102,8
-109,9° ....MMMM..+++++++++++......PPPPPP..++++++ dég max 4,7 à r 102,8
-109,3° +..MMMM..+++++++++++++++..PPPPPPP......++ dég max 4,3 à r 102,8
-108,8° ..MMMM...++++++++++++++..PPPPPPPPPPP..+++ dég max 5,0 à r 102,8
-108,2° ..MMMMMM..+++++++++++++..PPPPPPPPPP..++++ dég max 4,7 à r 102,8
-107,6° +..MMMM..+++++++++++++..PPPPPPPPPPP....++ dég max 4,3 à r 102,8
-107,0° ..MMMMM..+++++++++++++.....PPPPPPPPP..+++ dég max 4,7 à r 102,8
-106,4° ..MMMMMM..+++++++++++++++..PPPPPPPP..++++ dég max 4,7 à r 102,8
-105,8° +..MMMM..+++++++++++++++..PPPPPPPP...++++ dég max 5,0 à r 103,3
-105,2° +..MMMM..++++++++++++++..PPPPPPPPP..+++++ dég max 5,0 à r 102,8
-104,6° ..####..+++++++++++++++..PPPPPPPP....++++ dég max 5,0 à r 102,8
-104,0° ....##..++++++++++++++..PPPPPPPPPPP....++ dég max 5,0 à r 102,3
-103,5° +..##...++++++++++++++...PPPPPPPPPPP..+++ dég max 4,7 à r 102,3
-102,9° +..####..++++++++++++++..PPPPPPPPPPP..+++ dég max 5,0 à r 102,8
-102,3° ..####..+++++++++++++++..PPPPPPPPPP..++++ dég max 4,0 à r 102,8
-101,7° ....##..++++++++++++++.....PPPPPPPP..++++ dég max 4,3 à r 103,8
-101,1° #######.....++++++++++++++..PPPPPP..+++++ dég max 4,0 à r 115,3
-100,5° #########....+++++++++++++..PPPPPP..+++++ dég max 4,3 à r 103,8
 -99,9° ###########..++++++++++++..PPPPPP..++++++ dég max 4,0 à r 103,8
 -99,3° ###########..++++++++++++..PPPPPP..++++++ dég max 4,0 à r 103,8
 -98,7° ##########..++++++++++++..PPPPPPP..++++++ dég max 4,0 à r 103,3
 -98,2° ########....++++++++++++..PPPPPPPPPP..+++ dég max 4,3 à r 103,3
 -97,6° ########..++++++++++++++..PPPPPPPPPP..+++ dég max 4,7 à r 103,3
 -97,0° #######..+++++++++++++++..PPPPPPPPPP..+++ dég max 5,0 à r 102,8
 -96,4° ...####..++++++++++++++..PPPPPPPPPP..++++ dég max 5,0 à r 102,8
 -95,8° +..####..++++++++++++++..PPPPPPPPPP..++++ dég max 5,0 à r 102,8
 -95,2° +..####..++++++++++++++..PPPPPPPPPP..++++ dég max 5,0 à r 102,8
 -94,6° +..####..++++++++++++++..PPPPPPPPPP..++++ dég max 5,0 à r 102,8
 -94,0° ..####..++++++++++++++..PPPPPPPPPP....+++ dég max 5,0 à r 102,3
 -93,4° ######..++++++++++++++..PPPPPPPPPPPPPPPPP dég max 5,0 à r 102,3
 -92,9° ######..++++++++++++++..PPPPPPPPPPPPPPPPP dég max 5,0 à r 102,3
 -92,3° ######..++++++++++++++..PPPPPPPPPPPPPPPPP dég max 5,0 à r 102,3
 -91,7° ######..++++++++++++++......############# dég max 5,0 à r 102,3
 -91,1° ##......++++++++++++++++++............... dég max 5,3 à r 102,3
 -90,5° ##..+++++++++++++++++++++++++++++++++++++ dég max 5,7 à r 102,3
route pied → lice devant la brèche, marge 2,00 : 237 cases, le plus étroit 3,0 m
route pied → lice devant la brèche, marge 1,45 : 237 cases, le plus étroit 3,0 m
route pied → lice devant la brèche, marge 0,90 : 237 cases, le plus étroit 3,0 m
route lice → derrière la brèche, marge 2,00 : aucune
route lice → derrière la brèche, marge 1,45 : aucune
route lice → derrière la brèche, marge 0,90 : 65 cases, le plus étroit 1,0 m
   (x ; s) (0,0 ; -6,0) (1,7 ; -5,8) (2,6 ; -6,2) (3,9 ; -5,7) (5,3 ; -5,2) (6,6 ; -4,7) (7,5 ; -5,1) (8,8 ; -4,6) (9,7 ; -5,0) (11,1 ; -4,5) (12,0 ; -4,9) (13,3 ; -4,4) (14,2 ; -4,8) (15,5 ; -4,3) (16,8 ; -3,8) (18,2 ; -3,3) (19,1 ; -3,7) (20,0 ; -4,1) (21,3 ; -3,6) (22,6 ; -3,1) (23,9 ; -2,6) (25,3 ; -2,1) (26,6 ; -1,6) (27,9 ; -1,1) (29,2 ; -0,6) (30,5 ; -0,1) (31,9 ; 0,4) (33,2 ; 1,0) (34,5 ; 1,5) (34,9 ; 2,4) (35,3 ; 3,3) (35,7 ; 4,2) (35,2 ; 5,5) (34,7 ; 6,8) (34,2 ; 8,2) (33,7 ; 9,5) (32,8 ; 9,9) (31,9 ; 10,3) (30,6 ; 9,8) (29,2 ; 9,3) (28,3 ; 9,7) (27,4 ; 10,1) (26,5 ; 10,5) (25,2 ; 10,0) (23,9 ; 9,5) (22,5 ; 9,0) (21,2 ; 8,5) (19,9 ; 8,0) (19,0 ; 8,4) (18,1 ; 8,8) (17,2 ; 9,2) (16,2 ; 9,6) (15,3 ; 10,0) (14,4 ; 10,4) (13,5 ; 10,8) (12,2 ; 10,3) (10,9 ; 9,8) (9,5 ; 9,3) (8,2 ; 8,8) (6,9 ; 8,3) (5,6 ; 7,8) (4,3 ; 7,3) (2,9 ; 6,8) (1,6 ; 6,3) (0,0 ; 6,0)
route derrière la brèche → place, marge 2,00 : 117 cases, le plus étroit 4,0 m
route derrière la brèche → place, marge 1,45 : 117 cases, le plus étroit 4,0 m
route derrière la brèche → place, marge 0,90 : 117 cases, le plus étroit 4,0 m
route pied → place, marge 2,00 : aucune
route pied → place, marge 1,45 : aucune
route pied → place, marge 0,90 : 377 cases, le plus étroit 1,0 m
# Pan du milieu : par assise, les pierres en place (ext/blocage/int) et les vides où les trois épaisseurs sont tombées
assise 18 :  6/ 0/ 0  vides [-4,3 ; -3,3] [-2,5 ; -1,5] [-0,7 ; 0,3] [1,1 ; 2,1] [2,9 ; 3,9] [4,7 ; 5,2]
assise 17 : 10/11/11  vides 
assise 16 : 10/11/11  vides 
assise 15 : 11/12/10  vides 
assise 14 : 10/10/11  vides 
assise 13 : 11/10/11  vides 
assise 12 : 11/10/10  vides 
assise 11 : 10/11/11  vides 
assise 10 : 10/13/ 9  vides 
assise  9 : 10/11/11  vides 
assise  8 : 11/10/11  vides 
assise  7 : 11/10/11  vides 
assise  6 : 11/11/11  vides 
assise  5 : 11/11/11  vides 
assise  4 : 12/11/10  vides 
assise  3 : 11/11/10  vides 
assise  2 : 10/11/10  vides 
assise  1 : 11/10/11  vides 
assise  0 : 10/10/10  vides 
# Pierres en place qui barrent un passage (tranche [sol + 0,3 ; sol + 2,0]) à moins de 10 m de la brèche
pan couche assise  x_axe   bas/sol  haut/sol  sol     gravats
  0      0      0    5,33     0,01     0,60    62,00   0,00
  0      0      0    5,99     0,01     0,60    62,00   0,00
  0      0      0    6,84     0,01     0,60    62,00   0,00
  0      0      0    7,72     0,01     0,60    62,00   0,00
  0      0      0    8,65     0,01     0,60    62,00   0,00
  0      0      0    9,55     0,01     0,60    62,00   0,00
  0      0      1    5,32     0,62     1,21    62,00   0,00
  0      0      1    6,05     0,62     1,21    62,00   0,00
  0      0      1    7,01     0,62     1,21    62,00   0,00
  0      0      1    7,95     0,62     1,21    62,00   0,00
  0      0      1    8,96     0,62     1,21    62,00   0,00
  0      0      1    9,99     0,62     1,21    62,00   0,00
  0      0      2    5,35     1,23     1,82    62,00   0,00
  0      0      2    6,14     1,23     1,82    62,00   0,00
  0      0      2    7,20     1,23     1,82    62,00   0,00
  0      0      2    8,33     1,23     1,82    62,00   0,00
  0      0      2    9,52     1,23     1,82    62,00   0,00
  0      0      3    5,66     1,84     2,43    62,00   0,00
  0      0      3    6,71     1,84     2,43    62,00   0,00
  0      0      3    7,75     1,84     2,43    62,00   0,00
  0      0      3    8,80     1,84     2,43    62,00   0,00
  0      0      3    9,91     1,84     2,43    62,00   0,00
  0      1      0    5,63     0,01     0,60    62,00   0,00
  0      1      0    6,83     0,01     0,60    62,00   0,00
  0      1      0    8,05     0,01     0,60    62,00   0,00
  0      1      0    9,21     0,01     0,60    62,00   0,00
  0      1      1    5,43     0,62     1,21    62,00   0,00
  0      1      1    6,28     0,62     1,21    62,00   0,00
  0      1      1    7,15     0,62     1,21    62,00   0,00
  0      1      1    8,06     0,62     1,21    62,00   0,00
  0      1      1    9,10     0,62     1,21    62,00   0,00
  0      1      2    5,28     1,23     1,82    62,00   0,00
  0      1      2    6,12     1,23     1,82    62,00   0,00
  0      1      2    7,22     1,23     1,82    62,00   0,00
  0      1      2    8,28     1,23     1,82    62,00   0,00
  0      1      2    9,37     1,23     1,82    62,00   0,00
  0      1      3    5,56     1,84     2,43    62,00   0,00
  0      1      3    6,52     1,84     2,43    62,00   0,00
  0      1      3    7,40     1,84     2,43    62,00   0,00
  0      1      3    8,33     1,84     2,43    62,00   0,00
  0      1      3    9,37     1,84     2,43    62,00   0,00
  0      2      0    5,17     0,01     0,60    62,00   0,00
  0      2      0    5,90     0,01     0,60    62,00   0,00
  0      2      0    6,86     0,01     0,60    62,00   0,00
  0      2      0    7,79     0,01     0,60    62,00   0,00
  0      2      0    8,88     0,01     0,60    62,00   0,00
  0      2      1    5,29     0,62     1,21    62,00   0,00
  0      2      1    6,13     0,62     1,21    62,00   0,00
  0      2      1    7,09     0,62     1,21    62,00   0,00
  0      2      1    8,00     0,62     1,21    62,00   0,00
  0      2      1    8,92     0,62     1,21    62,00   0,00
  0      2      1    9,78     0,62     1,21    62,00   0,00
  0      2      2    5,19     1,23     1,82    62,00   0,00
  0      2      2    5,92     1,23     1,82    62,00   0,00
  0      2      2    6,98     1,23     1,82    62,00   0,00
  0      2      2    8,14     1,23     1,82    62,00   0,00
  0      2      2    9,20     1,23     1,82    62,00   0,00
  0      2      3    5,24     1,84     2,43    62,00   0,00
  0      2      3    6,04     1,84     2,43    62,00   0,00
  0      2      3    7,07     1,84     2,43    62,00   0,00
  0      2      3    8,20     1,84     2,43    62,00   0,00
  0      2      3    9,26     1,84     2,43    62,00   0,00
  1      0      0   -4,55     0,01     0,60    62,00   0,00
  1      0      0   -3,36     0,01     0,60    62,00   0,00
  1      0      0   -2,28     0,01     0,60    62,00   0,00
  1      0      0   -1,31     0,01     0,60    62,00   0,00
  1      0      0   -0,25     0,01     0,60    62,00   0,00
  1      0      0    0,86     0,01     0,60    62,00   0,00
  1      0      0    1,80     0,01     0,60    62,00   0,00
  1      0      0    2,74     0,01     0,60    62,00   0,00
  1      0      0    3,89     0,01     0,60    62,00   0,00
  1      0      0    4,85     0,01     0,60    62,00   0,00
  1      0      1   -4,85     0,62     1,21    62,00   0,00
  1      0      1   -4,08     0,62     1,21    62,00   0,00
  1      0      1   -3,12     0,62     1,21    62,00   0,00
  1      0      1   -2,10     0,62     1,21    62,00   0,00
  1      0      1   -1,13     0,62     1,21    62,00   0,00
  1      0      1   -0,13     0,62     1,21    62,00   0,00
  1      0      1    0,90     0,62     1,21    62,00   0,00
  1      0      1    1,99     0,62     1,21    62,00   0,00
  1      0      1    3,21     0,62     1,21    62,00   0,00
  1      0      1    4,27     0,62     1,21    62,00   0,00
  1      0      1    4,95     0,62     1,21    62,00   0,00
  1      0      2   -4,63     1,23     1,82    62,00   0,00
  1      0      2   -3,52     1,23     1,82    62,00   0,00
  1      0      2   -2,43     1,23     1,82    62,00   0,00
  1      0      2   -1,31     1,23     1,82    62,00   0,00
  1      0      2   -0,07     1,23     1,82    62,00   0,00
  1      0      2    1,17     1,23     1,82    62,00   0,00
  1      0      2    2,40     1,23     1,82    62,00   0,00
  1      0      2    3,43     1,23     1,82    62,00   0,00
  1      0      2    4,31     1,23     1,82    62,00   0,00
  1      0      2    4,97     1,23     1,82    62,00   0,00
  1      0      3   -4,90     1,84     2,43    62,00   0,00
  1      0      3   -4,22     1,84     2,43    62,00   0,00
  1      0      3   -3,27     1,84     2,43    62,00   0,00
  1      0      3   -2,16     1,84     2,43    62,00   0,00
  1      0      3   -1,02     1,84     2,43    62,00   0,00
  1      0      3    0,15     1,84     2,43    62,00   0,00
  1      0      3    1,36     1,84     2,43    62,00   0,00
  1      0      3    2,44     1,84     2,43    62,00   0,00
  1      0      3    3,42     1,84     2,43    62,00   0,00
  1      0      3    4,35     1,84     2,43    62,00   0,00
  1      0      3    4,97     1,84     2,43    62,00   0,00
  1      1      0   -4,81     0,01     0,60    62,00   0,00
  1      1      0   -3,91     0,01     0,60    62,00   0,00
  1      1      0   -2,73     0,01     0,60    62,00   0,00
  1      1      0   -1,70     0,01     0,60    62,00   0,00
  1      1      0   -0,70     0,01     0,60    62,00   0,00
  1      1      0    0,43     0,01     0,60    62,00   0,00
  1      1      0    1,44     0,01     0,60    62,00   0,00
  1      1      0    2,47     0,01     0,60    62,00   0,00
  1      1      0    3,65     0,01     0,60    62,00   0,00
  1      1      0    4,72     0,01     0,60    62,00   0,00
  1      1      1   -4,60     0,62     1,21    62,00   0,00
  1      1      1   -3,49     0,62     1,21    62,00   0,00
  1      1      1   -2,36     0,62     1,21    62,00   0,00
  1      1      1   -1,22     0,62     1,21    62,00   0,00
  1      1      1   -0,07     0,62     1,21    62,00   0,00
  1      1      1    0,95     0,62     1,21    62,00   0,00
  1      1      1    2,04     0,62     1,21    62,00   0,00
  1      1      1    3,09     0,62     1,21    62,00   0,00
  1      1      1    3,93     0,62     1,21    62,00   0,00
  1      1      1    4,75     0,62     1,21    62,00   0,00
  1      1      2   -4,90     1,23     1,82    62,00   0,00
  1      1      2   -4,10     1,23     1,82    62,00   0,00
  1      1      2   -2,97     1,23     1,82    62,00   0,00
  1      1      2   -1,81     1,23     1,82    62,00   0,00
  1      1      2   -0,78     1,23     1,82    62,00   0,00
  1      1      2    0,30     1,23     1,82    62,00   0,00
  1      1      2    1,44     1,23     1,82    62,00   0,00
  1      1      2    2,42     1,23     1,82    62,00   0,00
  1      1      2    3,50     1,23     1,82    62,00   0,00
  1      1      2    4,57     1,23     1,82    62,00   0,00
  1      1      2    5,10     1,23     1,82    62,00   0,00
  1      1      3   -4,90     1,84     2,43    62,00   0,00
  1      1      3   -4,09     1,84     2,43    62,00   0,00
  1      1      3   -2,91     1,84     2,43    62,00   0,00
  1      1      3   -1,84     1,84     2,43    62,00   0,00
  1      1      3   -0,87     1,84     2,43    62,00   0,00
  1      1      3    0,24     1,84     2,43    62,00   0,00
  1      1      3    1,27     1,84     2,43    62,00   0,00
  1      1      3    2,38     1,84     2,43    62,00   0,00
  1      1      3    3,49     1,84     2,43    62,00   0,00
  1      1      3    4,52     1,84     2,43    62,00   0,00
  1      1      3    5,12     1,84     2,43    62,00   0,00
  1      2      0   -4,81     0,01     0,60    62,00   0,00
  1      2      0   -3,84     0,01     0,60    62,00   0,00
  1      2      0   -2,72     0,01     0,60    62,00   0,00
  1      2      0   -1,74     0,01     0,60    62,00   0,00
  1      2      0   -0,69     0,01     0,60    62,00   0,00
  1      2      0    0,49     0,01     0,60    62,00   0,00
  1      2      0    1,66     0,01     0,60    62,00   0,00
  1      2      0    2,73     0,01     0,60    62,00   0,00
  1      2      0    3,84     0,01     0,60    62,00   0,00
  1      2      0    4,79     0,01     0,60    62,00   0,00
  1      2      1   -4,79     0,62     1,21    62,00   0,00
  1      2      1   -4,00     0,62     1,21    62,00   0,00
  1      2      1   -3,07     0,62     1,21    62,00   0,00
  1      2      1   -2,10     0,62     1,21    62,00   0,00
  1      2      1   -1,05     0,62     1,21    62,00   0,00
  1      2      1   -0,02     0,62     1,21    62,00   0,00
  1      2      1    1,05     0,62     1,21    62,00   0,00
  1      2      1    2,29     0,62     1,21    62,00   0,00
  1      2      1    3,37     0,62     1,21    62,00   0,00
  1      2      1    4,36     0,62     1,21    62,00   0,00
  1      2      1    5,01     0,62     1,21    62,00   0,00
  1      2      2   -4,54     1,23     1,82    62,00   0,00
  1      2      2   -3,48     1,23     1,82    62,00   0,00
  1      2      2   -2,45     1,23     1,82    62,00   0,00
  1      2      2   -1,38     1,23     1,82    62,00   0,00
  1      2      2   -0,28     1,23     1,82    62,00   0,00
  1      2      2    0,96     1,23     1,82    62,00   0,00
  1      2      2    2,08     1,23     1,82    62,00   0,00
  1      2      2    3,10     1,23     1,82    62,00   0,00
  1      2      2    4,04     1,23     1,82    62,00   0,00
  1      2      2    4,80     1,23     1,82    62,00   0,00
  1      2      3   -4,85     1,84     2,43    62,00   0,00
  1      2      3   -3,98     1,84     2,43    62,00   0,00
  1      2      3   -2,78     1,84     2,43    62,00   0,00
  1      2      3   -1,69     1,84     2,43    62,00   0,00
  1      2      3   -0,59     1,84     2,43    62,00   0,00
  1      2      3    0,51     1,84     2,43    62,00   0,00
  1      2      3    1,58     1,84     2,43    62,00   0,00
  1      2      3    2,75     1,84     2,43    62,00   0,00
  1      2      3    3,75     1,84     2,43    62,00   0,00
  1      2      3    4,68     1,84     2,43    62,00   0,00
  2      0      0   -9,51     0,01     0,60    62,00   0,00
  2      0      0   -8,50     0,01     0,60    62,00   0,00
  2      0      0   -7,55     0,01     0,60    62,00   0,00
  2      0      0   -6,60     0,01     0,60    62,00   0,00
  2      0      0   -5,64     0,01     0,60    62,00   0,00
  2      0      1   -9,93     0,62     1,21    62,00   0,00
  2      0      1   -8,86     0,62     1,21    62,00   0,00
  2      0      1   -7,83     0,62     1,21    62,00   0,00
  2      0      1   -6,90     0,62     1,21    62,00   0,00
  2      0      1   -5,90     0,62     1,21    62,00   0,00
  2      0      1   -5,21     0,62     1,21    62,00   0,00
  2      0      2   -9,03     1,23     1,82    62,00   0,00
  2      0      2   -7,83     1,23     1,82    62,00   0,00
  2      0      2   -6,75     1,23     1,82    62,00   0,00
  2      0      2   -5,69     1,23     1,82    62,00   0,00
  2      0      3   -9,77     1,84     2,43    62,00   0,00
  2      0      3   -8,69     1,84     2,43    62,00   0,00
  2      0      3   -7,47     1,84     2,43    62,00   0,00
  2      0      3   -6,45     1,84     2,43    62,00   0,00
  2      0      3   -5,57     1,84     2,43    62,00   0,00
  2      1      0   -9,13     0,01     0,60    62,00   0,00
  2      1      0   -8,09     0,01     0,60    62,00   0,00
  2      1      0   -7,11     0,01     0,60    62,00   0,00
  2      1      0   -6,14     0,01     0,60    62,00   0,00
  2      1      0   -5,34     0,01     0,60    62,00   0,00
  2      1      1   -9,94     0,62     1,21    62,00   0,00
  2      1      1   -8,91     0,62     1,21    62,00   0,00
  2      1      1   -7,84     0,62     1,21    62,00   0,00
  2      1      1   -6,97     0,62     1,21    62,00   0,00
  2      1      1   -6,11     0,62     1,21    62,00   0,00
  2      1      1   -5,36     0,62     1,21    62,00   0,00
  2      1      2   -9,03     1,23     1,82    62,00   0,00
  2      1      2   -8,03     1,23     1,82    62,00   0,00
  2      1      2   -6,91     1,23     1,82    62,00   0,00
  2      1      2   -5,91     1,23     1,82    62,00   0,00
  2      1      2   -5,25     1,23     1,82    62,00   0,00
  2      1      3   -8,95     1,84     2,43    62,00   0,00
  2      1      3   -8,09     1,84     2,43    62,00   0,00
  2      1      3   -7,16     1,84     2,43    62,00   0,00
  2      1      3   -6,24     1,84     2,43    62,00   0,00
  2      1      3   -5,44     1,84     2,43    62,00   0,00
  2      2      0   -9,74     0,01     0,60    62,00   0,00
  2      2      0   -8,55     0,01     0,60    62,00   0,00
  2      2      0   -7,56     0,01     0,60    62,00   0,00
  2      2      0   -6,57     0,01     0,60    62,00   0,00
  2      2      0   -5,50     0,01     0,60    62,00   0,00
  2      2      1   -9,37     0,62     1,21    62,00   0,00
  2      2      1   -8,37     0,62     1,21    62,00   0,00
  2      2      1   -7,48     0,62     1,21    62,00   0,00
  2      2      1   -6,51     0,62     1,21    62,00   0,00
  2      2      1   -5,48     0,62     1,21    62,00   0,00
  2      2      2   -9,15     1,23     1,82    62,00   0,00
  2      2      2   -8,05     1,23     1,82    62,00   0,00
  2      2      2   -6,92     1,23     1,82    62,00   0,00
  2      2      2   -5,86     1,23     1,82    62,00   0,00
  2      2      2   -5,17     1,23     1,82    62,00   0,00
  2      2      3   -9,84     1,84     2,43    62,00   0,00
  2      2      3   -8,87     1,84     2,43    62,00   0,00
  2      2      3   -7,97     1,84     2,43    62,00   0,00
  2      2      3   -7,02     1,84     2,43    62,00   0,00
  2      2      3   -6,02     1,84     2,43    62,00   0,00
  2      2      3   -5,24     1,84     2,43    62,00   0,00
249 pierres barrent encore
